SM:2021-09-17T12:04:37.2766944Z
LM:2021-09-17T12:05:25.7002684Z
CT:image/png
MA:604800
CL:72778
