SM:2021-09-13T14:15:59.0387490Z
LM:2021-09-13T14:16:09.3388465Z
CT:image/png
MA:604800
CL:91203
