SM:2021-09-17T12:04:41.4497001Z
LM:2021-09-17T12:05:25.7006035Z
CT:image/png
MA:604800
CL:37195
