SM:2021-09-17T12:04:27.8213964Z
LM:2021-09-17T12:05:25.7410567Z
CT:image/png
MA:604800
CL:97519
