SM:2021-09-17T12:06:27.8851264Z
LM:2021-09-17T12:06:28.1304943Z
CT:image/png
MA:604800
CL:79610
