SM:2021-09-17T12:06:27.7770680Z
LM:2021-09-17T12:06:28.1119256Z
CT:image/png
MA:604800
CL:28174
