SM:2021-09-17T12:04:27.8213964Z
LM:2021-09-17T12:04:28.5043523Z
CT:image/png
MA:604800
CL:97218
