SM:2021-09-17T12:04:37.2766944Z
LM:2021-09-17T12:04:37.6353389Z
CT:image/png
MA:604800
CL:72737
