SM:2021-09-13T14:15:59.0387490Z
LM:2021-09-14T08:16:19.1276505Z
CT:image/png
MA:604800
CL:91371
