SM:2021-09-17T12:04:41.4497001Z
LM:2021-09-17T12:04:41.6274696Z
CT:image/png
MA:604800
CL:37006
